alo joao
01010101010101010101010 01
010101010100101010101010101010110101

01010101010101010101010 01
010101010100101010101010101010110101
v

01010101010101010101010 01
010101010100101010101010101010110101

01010101010101010101010 01
010101010100101010101010101010110101

01010101010101010101010 01
010101010100101010101010101010110101

01010101010101010101010 01
010101010100101010101010101010110101

01010101010101010101010 01
010101010100101010101010101010110101

01010101010101010101010 01
010101010100101010101010101010110101
01010101010101010101010 01
010101010100101010101010101010110101
01010101010101010101010 01
010101010100101010101010101010110101
01010101010101010101010 01
010101010100101010101010101010110101

01010101010101010101010 01
010101010100101010101010101010110101

01010101010101010101010 01
010101010100101010101010101010110101

01010101010101010101010 01
010101010100101010101010101010110101
